0 400 500 3 0
1 151 124 2
1 151 161 2
1 151 87 1
1 204 124 2
1 204 161 2
1 204 87 1
1 257 124 2
1 257 161 2
1 257 87 1
1 310 124 2
1 310 161 2
1 310 87 1
1 363 124 2
1 363 161 2
1 363 87 1
1 416 124 2
1 416 161 2
1 416 87 1
1 469 124 2
1 469 161 2
1 469 87 1
1 522 124 2
1 522 161 2
1 522 87 1
1 575 124 2
1 575 161 2
1 575 87 1
1 628 124 2
1 628 161 2
1 628 87 1
1 681 124 2
1 681 161 2
1 681 87 1
2 151 50 0 4294965143
2 204 50 0 4294964401
2 257 50 0 4294964413
2 310 50 0 4294964371
2 363 50 0 4294965399
2 416 50 0 4294965056
2 469 50 0 4294964553
2 522 50 0 4294965600
2 575 50 0 4294965280
2 628 50 0 4294964417
2 681 50 0 4294965008
4 266 400 4
4 444 400 3
4 622 400 4
4 88 400 3
5 650 10 1 42949637693 208 1 20 b
3 261 1 20 b
3 579 1 20 b
3 387 1 20 b
3 546 1 20 b
3 334 1 20 b
3 493 1 20 b
3 652 1 20 b
3 705 1 20 b
3 546 1 20 b
3 -842150451 -842150451 1000
7 0
