0 280 500 3 0
1 171 220 2
1 171 183 1
1 224 220 2
1 224 257 2
1 224 183 1
1 277 220 2
1 277 183 1
1 330 220 2
1 330 183 1
1 383 220 2
1 383 257 2
1 383 183 1
1 489 220 2
1 489 257 2
1 489 183 1
1 595 220 2
1 595 257 2
1 595 183 1
1 648 220 2
1 648 257 2
1 648 183 1
2 171 146 0 4294963479
2 224 146 0 4294964075
2 277 146 0 4294965130
2 330 146 0 4294964320
2 383 146 0 4294964516
2 436 146 0 4294964713
2 489 146 0 4294964157
2 595 146 0 4294963833
2 648 146 0 4294964460
2 701 146 0 4294963852
4 0 400 4
5 460 10 1 42949645043 427 1 20 b
3 374 1 20 b
3 639 1 20 b
3 745 1 20 b
3 480 1 20 b
3 533 1 20 b
3 692 1 20 b
3 321 1 20 b
3 1 -842150448 790
7 280
