0 224 500 3 5
1 71 156 2
1 71 193 2
1 71 119 1
1 124 156 2
1 124 193 2
1 124 119 1
1 177 119 1
1 230 119 1
1 283 156 2
1 283 193 2
1 283 119 1
1 336 156 2
1 336 193 2
1 336 119 1
1 389 119 1
1 442 119 1
1 495 156 2
1 495 193 2
1 495 119 1
1 548 156 2
1 548 193 2
1 548 119 1
1 601 156 2
1 601 193 2
1 601 119 1
2 71 82 0 168
2 124 82 0 89
2 177 82 0 105
2 230 82 0 184
2 283 82 0 122
2 336 82 0 139
2 389 82 0 223
2 442 82 0 162
2 495 82 0 93
2 548 82 0 213
2 601 82 0 194
4 266 400 3
4 444 400 3
4 622 400 4
4 88 400 3
5 800 10 0 418
7 80
