0 392 500 3 10
1 71 156 2
1 71 193 2
1 71 119 1
1 124 156 2
1 124 193 2
1 124 119 1
1 177 156 2
1 177 193 2
1 177 119 1
1 230 156 2
1 230 193 2
1 230 119 1
1 283 156 2
1 283 193 2
1 283 119 1
1 336 156 2
1 336 193 2
1 336 119 1
1 389 119 1
1 442 156 2
1 442 119 1
1 495 156 2
1 495 193 2
1 495 119 1
1 548 156 2
1 548 193 2
1 548 119 1
1 601 156 2
1 601 193 2
1 601 119 1
2 71 82 0 219
2 124 82 0 140
2 177 82 0 156
2 230 82 0 235
2 283 82 0 173
2 336 82 0 190
2 389 82 0 274
2 442 82 0 213
2 495 82 0 144
2 548 82 0 264
2 601 82 0 245
4 266 400 3
4 444 400 3
4 622 400 4
4 88 400 3
5 800 10 0 469
7 30
