0 482 500 2 7
1 61 156 2
1 61 193 2
1 61 119 1
1 114 156 2
1 114 193 2
1 114 119 1
1 167 156 2
1 167 193 2
1 167 119 1
1 220 156 2
1 220 193 2
1 220 119 1
1 273 156 2
1 273 193 2
1 273 119 1
1 326 119 1
1 379 156 2
1 379 119 1
1 432 156 2
1 432 193 2
1 432 119 1
1 485 156 2
1 485 119 1
1 538 156 2
1 538 193 2
1 538 119 1
1 591 156 2
1 591 193 2
1 591 119 1
2 61 82 0 96
2 114 82 0 104
2 167 82 0 103
2 220 82 0 51
2 273 82 0 45
2 326 82 0 111
2 379 82 0 134
2 432 82 0 21
2 485 82 0 109
2 538 82 0 18
2 591 82 0 145
4 622 400 3
5 800 10 0 213
5 800 10 0 213
6 535 4265 1
6 207 4205 1
6 366 4035 1
6 250 3810 1
6 356 3770 1
6 568 3665 1
6 399 3615 1
6 81 3450 1
6 187 3415 1
6 601 3300 1
6 389 3255 1
6 230 3165 1
6 538 2990 1
6 485 2890 1
6 591 2860 1
6 61 2805 1
6 432 2790 1
6 273 2780 1
6 379 2760 1
6 528 2550 1
6 104 2540 1
6 475 2490 1
6 253 2335 1
6 200 2225 1
6 147 2185 1
6 561 2065 1
6 402 1980 1
6 31 1970 1
6 349 1920 1
6 455 1905 1
6 137 1900 1
6 508 1855 1
6 296 1835 1
6 180 1780 1
6 233 1680 1
6 21 1650 1
6 445 1630 1
6 74 1570 1
6 127 1535 1
6 551 1462 1
6 180 1332 1
6 392 1232 1
6 243 1187 1
6 455 1187 1
6 296 1147 1
6 84 1132 1
6 31 1067 1
6 349 1017 1
6 518 892 1
6 465 882 1
6 94 812 1
6 571 737 1
6 147 617 1
6 528 572 1
6 316 527 1
6 210 507 1
6 51 497 1
6 422 442 1
6 475 422 1
6 263 387 1
6 581 317 1
6 369 312 1
6 167 192 1
6 220 97 1
6 114 87 1
7 40
