0 472 500 1 7
1 41 156 2
1 41 193 2
1 41 119 1
1 94 156 2
1 94 193 2
1 94 119 1
1 147 156 2
1 147 193 2
1 147 119 1
1 200 156 2
1 200 193 2
1 200 119 1
1 253 156 2
1 253 193 2
1 253 119 1
1 306 156 2
1 306 193 2
1 306 119 1
1 359 156 2
1 359 193 2
1 359 119 1
1 518 156 2
1 518 193 2
1 518 119 1
1 571 156 2
1 571 193 2
1 571 119 1
2 41 82 0 58
2 94 82 0 72
2 147 82 0 69
2 200 82 0 43
2 253 82 0 36
2 306 82 0 77
2 359 82 0 99
2 518 82 0 132
2 571 82 0 35
4 622 400 3
5 800 10 0 109
5 800 10 0 109
6 137 527 1
6 84 522 1
6 190 487 1
6 508 447 1
6 349 412 1
6 306 267 1
6 518 127 1
7 140
